7307.92.00|2086|1|1|
7307.92.00|2088|2|1|
7307.92.00|2090|3|1|
7307.92.00|2092|4|1|
7307.92.00|2094|5|1|
7307.92.00|2096|6|1|
7307.92.00|2098|7|1|
7307.92.00|2100|8|1|
7307.92.00|2102|9|1|
7307.92.00|2042|10|1|
7307.92.00|1996|11|1|
7307.92.00|2006|12|1|
7307.92.00|2122|13|1|
7307.92.00|2250|14|1|
7307.92.00|2252|15|1|
7307.92.00|2254|16|1|
7307.92.00|2256|17|1|
7307.92.00|2258|18|1|
7307.92.00|2260|19|1|
7307.92.00|2262|20|1|
7307.92.00|2264|21|1|
7307.92.00|2268|22|1|
7307.92.00|2210|23|1|
7307.92.00|2286|24|1|
7307.99.00|4720|25|2|
7307.99.00|4726|26|2|
7307.99.00|4728|27|2|
7307.99.00|4730|28|2|
7307.99.00|4732|29|2|
7307.99.00|4734|30|2|
7307.99.00|6126|31|2|
7307.99.00|6132|32|2|
7307.99.00|6134|33|2|
7307.99.00|6138|34|2|
7307.99.00|6140|35|2|
7307.99.00|6144|36|2|
7307.99.00|6148|37|2|
